{
	"format_version": "1.12.0",
	"minecraft:geometry": [
		{
			"description": {
				"identifier": "geometry.unknown",
				"texture_width": 16,
				"texture_height": 16,
				"visible_bounds_width": 3,
				"visible_bounds_height": 3.5,
				"visible_bounds_offset": [0, 1.25, 0]
			},
			"bones": [
				{
					"name": "Root",
					"pivot": [0, 0, 0]
				},
				{
					"name": "MAllBody",
					"parent": "Root",
					"pivot": [0, 12.39, 0]
				},
				{
					"name": "AllBody",
					"parent": "MAllBody",
					"pivot": [0, 12.39, 0]
				},
				{
					"name": "UpBody",
					"parent": "AllBody",
					"pivot": [0, 12.39, 0]
				},
				{
					"name": "MUpperBody",
					"parent": "UpBody",
					"pivot": [0, 12.39, 0]
				},
				{
					"name": "UpperBody",
					"parent": "MUpperBody",
					"pivot": [0, 11.79, 0],
					"cubes": [
						{
							"origin": [-1.62, 15.69, -1.275],
							"size": [3.24, 1.2, 2.52],
							"uv": {
								"north": {"uv": [9.125, 2.5], "uv_size": [0.625, 0.25]},
								"east": {"uv": [8.625, 2.5], "uv_size": [0.5, 0.25]},
								"south": {"uv": [10.25, 2.5], "uv_size": [0.625, 0.25]},
								"west": {"uv": [9.75, 2.5], "uv_size": [0.5, 0.25]},
								"up": {"uv": [9.125, 2], "uv_size": [0.625, 0.5]},
								"down": {"uv": [9.75, 2.5], "uv_size": [0.625, -0.5]}
							}
						},
						{
							"origin": [-1.86, 10.05, -1.215],
							"size": [3.72, 6.6, 2.43],
							"uv": {
								"north": {"uv": [0.625, 3.5], "uv_size": [0.75, 1.375]},
								"east": {"uv": [0.125, 3.5], "uv_size": [0.5, 1.375]},
								"south": {"uv": [1.875, 3.5], "uv_size": [0.75, 1.375]},
								"west": {"uv": [1.375, 3.5], "uv_size": [0.5, 1.375]},
								"up": {"uv": [0.625, 3], "uv_size": [0.75, 0.5]},
								"down": {"uv": [1.375, 3.5], "uv_size": [0.75, -0.5]}
							}
						},
						{
							"origin": [-0.9, 9.45, -1.215],
							"size": [1.8, 0.6, 2.43],
							"uv": {
								"north": {"uv": [10.625, 0.5], "uv_size": [0.375, 0.125]},
								"east": {"uv": [10.125, 0.5], "uv_size": [0.5, 0.125]},
								"south": {"uv": [11.5, 0.5], "uv_size": [0.375, 0.125]},
								"west": {"uv": [11, 0.5], "uv_size": [0.5, 0.125]},
								"up": {"uv": [10.625, 0], "uv_size": [0.375, 0.5]},
								"down": {"uv": [11, 0.5], "uv_size": [0.375, -0.5]}
							}
						},
						{
							"origin": [0.96, 15.15, -1.5],
							"size": [0.18, 0.18, 0.48],
							"uv": {
								"north": {"uv": [8, 12.25], "uv_size": [0, 0]},
								"east": {"uv": [8, 12.25], "uv_size": [0, 0]},
								"south": {"uv": [8, 12.25], "uv_size": [0, 0]},
								"west": {"uv": [8, 12.25], "uv_size": [0, 0]},
								"up": {"uv": [8, 12.25], "uv_size": [0, 0]},
								"down": {"uv": [8, 12.25], "uv_size": [0, 0]}
							}
						},
						{
							"origin": [0.96, 13.95, -1.32],
							"size": [0.18, 0.18, 0.48],
							"uv": {
								"north": {"uv": [8, 12.25], "uv_size": [0, 0]},
								"east": {"uv": [8, 12.25], "uv_size": [0, 0]},
								"south": {"uv": [8, 12.25], "uv_size": [0, 0]},
								"west": {"uv": [8, 12.25], "uv_size": [0, 0]},
								"up": {"uv": [8, 12.25], "uv_size": [0, 0]},
								"down": {"uv": [8, 12.25], "uv_size": [0, 0]}
							}
						},
						{
							"origin": [0.96, 13.05, -1.32],
							"size": [0.18, 0.18, 0.48],
							"uv": {
								"north": {"uv": [8, 12.25], "uv_size": [0, 0]},
								"east": {"uv": [8, 12.25], "uv_size": [0, 0]},
								"south": {"uv": [8, 12.25], "uv_size": [0, 0]},
								"west": {"uv": [8, 12.25], "uv_size": [0, 0]},
								"up": {"uv": [8, 12.25], "uv_size": [0, 0]},
								"down": {"uv": [8, 12.25], "uv_size": [0, 0]}
							}
						},
						{
							"origin": [0.96, 12.09, -1.44],
							"size": [0.18, 0.18, 0.48],
							"uv": {
								"north": {"uv": [8, 12.25], "uv_size": [0, 0]},
								"east": {"uv": [8, 12.25], "uv_size": [0, 0]},
								"south": {"uv": [8, 12.25], "uv_size": [0, 0]},
								"west": {"uv": [8, 12.25], "uv_size": [0, 0]},
								"up": {"uv": [8, 12.25], "uv_size": [0, 0]},
								"down": {"uv": [8, 12.25], "uv_size": [0, 0]}
							}
						},
						{
							"origin": [-0.42, 11.91, -1.68],
							"size": [0.9, 0.54, 0.48],
							"uv": {
								"north": {"uv": [8, 12.25], "uv_size": [0.125, 0]},
								"east": {"uv": [8, 12.25], "uv_size": [0, 0]},
								"south": {"uv": [8.125, 12.25], "uv_size": [0.125, 0]},
								"west": {"uv": [8.125, 12.25], "uv_size": [0, 0]},
								"up": {"uv": [8, 12.25], "uv_size": [0.125, 0]},
								"down": {"uv": [8.125, 12.25], "uv_size": [0.125, 0]}
							}
						},
						{
							"origin": [-2.1, 11.91, -1.44],
							"size": [4.08, 0.54, 3.48],
							"uv": {
								"north": {"uv": [2, 10.5], "uv_size": [0.125, 0]},
								"east": {"uv": [2, 10.5], "uv_size": [0, 0]},
								"south": {"uv": [2.125, 10.5], "uv_size": [0.125, 0]},
								"west": {"uv": [2.125, 10.5], "uv_size": [0, 0]},
								"up": {"uv": [2, 10.5], "uv_size": [0.125, 0]},
								"down": {"uv": [2.125, 10.5], "uv_size": [0.125, 0]}
							}
						},
						{
							"origin": [0.96, 10.95, -1.74],
							"size": [0.18, 0.18, 0.48],
							"uv": {
								"north": {"uv": [8, 12.25], "uv_size": [0, 0]},
								"east": {"uv": [8, 12.25], "uv_size": [0, 0]},
								"south": {"uv": [8, 12.25], "uv_size": [0, 0]},
								"west": {"uv": [8, 12.25], "uv_size": [0, 0]},
								"up": {"uv": [8, 12.25], "uv_size": [0, 0]},
								"down": {"uv": [8, 12.25], "uv_size": [0, 0]}
							}
						},
						{
							"origin": [-3.6, 10.47, -1.92],
							"size": [2.52, 0.18, 0.24],
							"pivot": [-0.06, 10.47, -2.04],
							"rotation": [0.14732, 7.45156, 55.28287],
							"uv": {
								"north": {"uv": [8, 12.25], "uv_size": [0, 0]},
								"east": {"uv": [8, 12.25], "uv_size": [0, 0]},
								"south": {"uv": [8, 12.25], "uv_size": [0, 0]},
								"west": {"uv": [8, 12.25], "uv_size": [0, 0]},
								"up": {"uv": [8, 12.25], "uv_size": [0, 0]},
								"down": {"uv": [8, 12.25], "uv_size": [0, 0]}
							}
						},
						{
							"origin": [-2.76, 12.27, -0.66],
							"size": [0.24, 0.18, 1.68],
							"pivot": [-1.2, 12.27, -0.78],
							"rotation": [0.16792, -29.54831, 55.18095],
							"uv": {
								"north": {"uv": [8, 12.25], "uv_size": [0, 0]},
								"east": {"uv": [8, 12.25], "uv_size": [0, 0]},
								"south": {"uv": [8, 12.25], "uv_size": [0, 0]},
								"west": {"uv": [8, 12.25], "uv_size": [0, 0]},
								"up": {"uv": [8, 12.25], "uv_size": [0, 0]},
								"down": {"uv": [8, 12.25], "uv_size": [0, 0]}
							}
						},
						{
							"origin": [-1.44, 9.27, -2.04],
							"size": [2.76, 0.18, 0.24],
							"pivot": [2.64, 9.27, -2.16],
							"rotation": [0, 2, 32.5],
							"uv": {
								"north": {"uv": [8, 12.25], "uv_size": [0, 0]},
								"east": {"uv": [8, 12.25], "uv_size": [0, 0]},
								"south": {"uv": [8, 12.25], "uv_size": [0, 0]},
								"west": {"uv": [8, 12.25], "uv_size": [0, 0]},
								"up": {"uv": [8, 12.25], "uv_size": [0, 0]},
								"down": {"uv": [8, 12.25], "uv_size": [0, 0]}
							}
						},
						{
							"origin": [-0.84, 10.71, -3.6],
							"size": [1.62, 0.18, 0.24],
							"pivot": [2.1, 10.71, -3.72],
							"rotation": [7.38757, 62.54777, 105.71202],
							"uv": {
								"north": {"uv": [8, 12.25], "uv_size": [0, 0]},
								"east": {"uv": [8, 12.25], "uv_size": [0, 0]},
								"south": {"uv": [8, 12.25], "uv_size": [0, 0]},
								"west": {"uv": [8, 12.25], "uv_size": [0, 0]},
								"up": {"uv": [8, 12.25], "uv_size": [0, 0]},
								"down": {"uv": [8, 12.25], "uv_size": [0, 0]}
							}
						},
						{
							"origin": [-1.02, 10.29, -2.04],
							"size": [2.76, 0.18, 0.24],
							"pivot": [3.06, 10.29, -2.16],
							"rotation": [-0.34743, 1.9696, 22.49403],
							"uv": {
								"north": {"uv": [8, 12.25], "uv_size": [0, 0]},
								"east": {"uv": [8, 12.25], "uv_size": [0, 0]},
								"south": {"uv": [8, 12.25], "uv_size": [0, 0]},
								"west": {"uv": [8, 12.25], "uv_size": [0, 0]},
								"up": {"uv": [8, 12.25], "uv_size": [0, 0]},
								"down": {"uv": [8, 12.25], "uv_size": [0, 0]}
							}
						},
						{
							"origin": [-0.84, 9.27, -2.04],
							"size": [1.62, 0.18, 0.24],
							"pivot": [2.1, 9.27, -2.16],
							"rotation": [3.71167, 23.69837, 100.64217],
							"uv": {
								"north": {"uv": [8, 12.25], "uv_size": [0, 0]},
								"east": {"uv": [8, 12.25], "uv_size": [0, 0]},
								"south": {"uv": [8, 12.25], "uv_size": [0, 0]},
								"west": {"uv": [8, 12.25], "uv_size": [0, 0]},
								"up": {"uv": [8, 12.25], "uv_size": [0, 0]},
								"down": {"uv": [8, 12.25], "uv_size": [0, 0]}
							}
						},
						{
							"origin": [-0.18, 11.01, -0.84],
							"size": [1.62, 0.18, 0.24],
							"pivot": [2.76, 11.01, -0.96],
							"rotation": [-22.7241, 44.46477, 65.29732],
							"uv": {
								"north": {"uv": [8, 12.25], "uv_size": [0, 0]},
								"east": {"uv": [8, 12.25], "uv_size": [0, 0]},
								"south": {"uv": [8, 12.25], "uv_size": [0, 0]},
								"west": {"uv": [8, 12.25], "uv_size": [0, 0]},
								"up": {"uv": [8, 12.25], "uv_size": [0, 0]},
								"down": {"uv": [8, 12.25], "uv_size": [0, 0]}
							}
						},
						{
							"origin": [0.9, 9.93, -2.16],
							"size": [0.6, 0.54, 0.48],
							"pivot": [1.5, 9.93, -2.28],
							"rotation": [0, 0, 51],
							"uv": {
								"north": {"uv": [8, 12.25], "uv_size": [0.125, 0]},
								"east": {"uv": [8, 12.25], "uv_size": [0, 0]},
								"south": {"uv": [8.125, 12.25], "uv_size": [0.125, 0]},
								"west": {"uv": [8.125, 12.25], "uv_size": [0, 0]},
								"up": {"uv": [8, 12.25], "uv_size": [0.125, 0]},
								"down": {"uv": [8.125, 12.25], "uv_size": [0.125, 0]}
							}
						},
						{
							"origin": [1.26, 10.05, -2.16],
							"size": [0.6, 0.54, 0.48],
							"pivot": [1.86, 10.05, -2.28],
							"rotation": [0, 0, -2],
							"uv": {
								"north": {"uv": [8, 12.25], "uv_size": [0.125, 0]},
								"east": {"uv": [8, 12.25], "uv_size": [0, 0]},
								"south": {"uv": [8.125, 12.25], "uv_size": [0.125, 0]},
								"west": {"uv": [8.125, 12.25], "uv_size": [0, 0]},
								"up": {"uv": [8, 12.25], "uv_size": [0.125, 0]},
								"down": {"uv": [8.125, 12.25], "uv_size": [0.125, 0]}
							}
						},
						{
							"origin": [2.34, 10.05, -2.16],
							"size": [0.24, 0.72, 0.48],
							"pivot": [2.7, 10.05, -2.28],
							"rotation": [0, 0, -2],
							"uv": {
								"north": {"uv": [8.875, 12.25], "uv_size": [0, 0.125]},
								"east": {"uv": [8.875, 12.25], "uv_size": [0, 0.125]},
								"south": {"uv": [8.875, 12.25], "uv_size": [0, 0.125]},
								"west": {"uv": [8.875, 12.25], "uv_size": [0, 0.125]},
								"up": {"uv": [8.875, 12.25], "uv_size": [0, 0]},
								"down": {"uv": [8.875, 12.25], "uv_size": [0, 0]}
							}
						},
						{
							"origin": [2.1, 10.29, -2.16],
							"size": [0.72, 0.18, 0.48],
							"pivot": [2.7, 10.05, -2.28],
							"rotation": [0, 0, -2],
							"uv": {
								"north": {"uv": [9, 12.25], "uv_size": [0.125, 0]},
								"east": {"uv": [9, 12.25], "uv_size": [0, 0]},
								"south": {"uv": [9.125, 12.25], "uv_size": [0.125, 0]},
								"west": {"uv": [9.125, 12.25], "uv_size": [0, 0]},
								"up": {"uv": [9, 12.25], "uv_size": [0.125, 0]},
								"down": {"uv": [9.125, 12.25], "uv_size": [0.125, 0]}
							}
						},
						{
							"origin": [2.3088, 9.966, -2.0712],
							"size": [0.3168, 0.9504, 0.6336],
							"pivot": [2.784, 9.966, -2.2296],
							"rotation": [0, 0, -2],
							"uv": {
								"north": {"uv": [8.125, 12.25], "uv_size": [0, 0.125]},
								"east": {"uv": [8, 12.25], "uv_size": [0.125, 0.125]},
								"south": {"uv": [8.25, 12.25], "uv_size": [0, 0.125]},
								"west": {"uv": [8.125, 12.25], "uv_size": [0.125, 0.125]},
								"up": {"uv": [8.125, 12.125], "uv_size": [0, 0.125]},
								"down": {"uv": [8.125, 12.25], "uv_size": [0, -0.125]}
							}
						},
						{
							"origin": [1.992, 10.2828, -2.0712],
							"size": [0.9504, 0.2376, 0.6336],
							"pivot": [2.784, 9.966, -2.2296],
							"rotation": [0, 0, -2],
							"uv": {
								"north": {"uv": [8.25, 12.25], "uv_size": [0.125, 0]},
								"east": {"uv": [8.125, 12.25], "uv_size": [0.125, 0]},
								"south": {"uv": [8.5, 12.25], "uv_size": [0.125, 0]},
								"west": {"uv": [8.375, 12.25], "uv_size": [0.125, 0]},
								"up": {"uv": [8.25, 12.125], "uv_size": [0.125, 0.125]},
								"down": {"uv": [8.375, 12.25], "uv_size": [0.125, -0.125]}
							}
						}
					]
				},
				{
					"name": "AllHead",
					"parent": "UpperBody",
					"pivot": [0, 18.855, -0.015],
					"cubes": [
						{
							"origin": [-0.9, 16.755, -0.915],
							"size": [1.8, 1.2, 1.8],
							"uv": {
								"north": {"uv": [8.875, 0.375], "uv_size": [0.375, 0.25]},
								"east": {"uv": [8.5, 0.375], "uv_size": [0.375, 0.25]},
								"south": {"uv": [9.625, 0.375], "uv_size": [0.375, 0.25]},
								"west": {"uv": [9.25, 0.375], "uv_size": [0.375, 0.25]},
								"up": {"uv": [8.875, 0], "uv_size": [0.375, 0.375]},
								"down": {"uv": [9.25, 0.375], "uv_size": [0.375, -0.375]}
							}
						}
					]
				},
				{
					"name": "MHead",
					"parent": "AllHead",
					"pivot": [0, 19.23, 0]
				},
				{
					"name": "Head",
					"parent": "MHead",
					"pivot": [0, 19.23, 0],
					"cubes": [
						{
							"origin": [-1.92, 17.43, -2.1],
							"size": [3.9, 4.2, 4.2],
							"uv": {
								"north": {"uv": [1, 2.125], "uv_size": [0.75, 0.875]},
								"east": {"uv": [0.125, 2.125], "uv_size": [0.875, 0.875]},
								"south": {"uv": [2.625, 2.125], "uv_size": [0.75, 0.875]},
								"west": {"uv": [1.75, 2.125], "uv_size": [0.875, 0.875]},
								"up": {"uv": [1, 1.25], "uv_size": [0.75, 0.875]},
								"down": {"uv": [1.75, 2.125], "uv_size": [0.75, -0.875]}
							}
						}
					]
				},
				{
					"name": "Halo",
					"parent": "Head",
					"pivot": [0, 20.43, 0],
					"rotation": [-17, 0, 0],
					"cubes": [
						{
							"origin": [-1.02, 26.01, -0.6],
							"size": [1.2, 0.78, 0.42],
							"pivot": [-0.42, 25.59, 0],
							"rotation": [0, 0, 49],
							"uv": {
								"north": {"uv": [11.875, 1.625], "uv_size": [0.25, 0.25]},
								"east": {"uv": [11.625, 1.625], "uv_size": [0.25, 0.25]},
								"south": {"uv": [12.375, 1.625], "uv_size": [0.25, 0.25]},
								"west": {"uv": [12.125, 1.625], "uv_size": [0.25, 0.25]},
								"up": {"uv": [11.875, 1.375], "uv_size": [0.25, 0.25]},
								"down": {"uv": [12.125, 1.625], "uv_size": [0.25, -0.25]}
							}
						},
						{
							"origin": [-0.9, 25.89, 2.7],
							"size": [0.42, 0.78, 1.2],
							"pivot": [-0.3, 25.47, 3.3],
							"rotation": [65.30827, 43.53322, 32.65456],
							"uv": {
								"north": {"uv": [12.125, 1.625], "uv_size": [0.25, 0.25]},
								"east": {"uv": [11.875, 1.625], "uv_size": [0.25, 0.25]},
								"south": {"uv": [11.625, 1.625], "uv_size": [0.25, 0.25]},
								"west": {"uv": [12.375, 1.625], "uv_size": [0.25, 0.25]},
								"up": {"uv": [11.875, 1.375], "uv_size": [0.25, 0.25]},
								"down": {"uv": [12.125, 1.625], "uv_size": [0.25, -0.25]}
							}
						},
						{
							"origin": [-1.38, 25.83, 2.16],
							"size": [0.42, 0.78, 1.2],
							"pivot": [-0.78, 25.41, 2.76],
							"rotation": [54.75802, 28.85292, 22.48231],
							"uv": {
								"north": {"uv": [12.125, 1.625], "uv_size": [0.25, 0.25]},
								"east": {"uv": [11.875, 1.625], "uv_size": [0.25, 0.25]},
								"south": {"uv": [11.625, 1.625], "uv_size": [0.25, 0.25]},
								"west": {"uv": [12.375, 1.625], "uv_size": [0.25, 0.25]},
								"up": {"uv": [11.875, 1.375], "uv_size": [0.25, 0.25]},
								"down": {"uv": [12.125, 1.625], "uv_size": [0.25, -0.25]}
							}
						},
						{
							"origin": [-1.8, 25.83, 1.26],
							"size": [0.42, 0.78, 1.2],
							"pivot": [-1.2, 25.41, 1.86],
							"rotation": [37, 0, 0],
							"uv": {
								"north": {"uv": [12.125, 1.625], "uv_size": [0.25, 0.25]},
								"east": {"uv": [11.875, 1.625], "uv_size": [0.25, 0.25]},
								"south": {"uv": [11.625, 1.625], "uv_size": [0.25, 0.25]},
								"west": {"uv": [12.375, 1.625], "uv_size": [0.25, 0.25]},
								"up": {"uv": [11.875, 1.375], "uv_size": [0.25, 0.25]},
								"down": {"uv": [12.125, 1.625], "uv_size": [0.25, -0.25]}
							}
						},
						{
							"origin": [1.2, 25.71, 1.92],
							"size": [0.42, 0.78, 1.2],
							"pivot": [1.8, 25.29, 2.52],
							"rotation": [-176.68331, 55.48305, 136.34358],
							"uv": {
								"north": {"uv": [12.125, 1.625], "uv_size": [0.25, 0.25]},
								"east": {"uv": [11.875, 1.625], "uv_size": [0.25, 0.25]},
								"south": {"uv": [11.625, 1.625], "uv_size": [0.25, 0.25]},
								"west": {"uv": [12.375, 1.625], "uv_size": [0.25, 0.25]},
								"up": {"uv": [11.875, 1.375], "uv_size": [0.25, 0.25]},
								"down": {"uv": [12.125, 1.625], "uv_size": [0.25, -0.25]}
							}
						},
						{
							"origin": [0.6, 25.83, 2.4],
							"size": [0.42, 0.78, 1.2],
							"pivot": [1.2, 25.41, 3],
							"rotation": [158.28781, 68.6125, 113.30217],
							"uv": {
								"north": {"uv": [12.125, 1.625], "uv_size": [0.25, 0.25]},
								"east": {"uv": [11.875, 1.625], "uv_size": [0.25, 0.25]},
								"south": {"uv": [11.625, 1.625], "uv_size": [0.25, 0.25]},
								"west": {"uv": [12.375, 1.625], "uv_size": [0.25, 0.25]},
								"up": {"uv": [11.875, 1.375], "uv_size": [0.25, 0.25]},
								"down": {"uv": [12.125, 1.625], "uv_size": [0.25, -0.25]}
							}
						},
						{
							"origin": [-0.18, 25.83, 2.46],
							"size": [0.42, 0.78, 1.2],
							"pivot": [0.42, 25.41, 3.06],
							"rotation": [37, 68, 0],
							"uv": {
								"north": {"uv": [12.125, 1.625], "uv_size": [0.25, 0.25]},
								"east": {"uv": [11.875, 1.625], "uv_size": [0.25, 0.25]},
								"south": {"uv": [11.625, 1.625], "uv_size": [0.25, 0.25]},
								"west": {"uv": [12.375, 1.625], "uv_size": [0.25, 0.25]},
								"up": {"uv": [11.875, 1.375], "uv_size": [0.25, 0.25]},
								"down": {"uv": [12.125, 1.625], "uv_size": [0.25, -0.25]}
							}
						},
						{
							"origin": [0.9, 25.71, -0.3],
							"size": [0.42, 0.78, 1.2],
							"pivot": [1.5, 25.29, 0.3],
							"rotation": [-127.96208, -23.29869, 154.7919],
							"uv": {
								"north": {"uv": [12.125, 1.625], "uv_size": [0.25, 0.25]},
								"east": {"uv": [11.875, 1.625], "uv_size": [0.25, 0.25]},
								"south": {"uv": [11.625, 1.625], "uv_size": [0.25, 0.25]},
								"west": {"uv": [12.375, 1.625], "uv_size": [0.25, 0.25]},
								"up": {"uv": [11.875, 1.375], "uv_size": [0.25, 0.25]},
								"down": {"uv": [12.125, 1.625], "uv_size": [0.25, -0.25]}
							}
						},
						{
							"origin": [0.12, 25.95, -0.54],
							"size": [0.42, 0.78, 1.2],
							"pivot": [0.72, 25.53, 0.06],
							"rotation": [-151.99441, -50.21482, -167.04478],
							"uv": {
								"north": {"uv": [12.125, 1.625], "uv_size": [0.25, 0.25]},
								"east": {"uv": [11.875, 1.625], "uv_size": [0.25, 0.25]},
								"south": {"uv": [11.625, 1.625], "uv_size": [0.25, 0.25]},
								"west": {"uv": [12.375, 1.625], "uv_size": [0.25, 0.25]},
								"up": {"uv": [11.875, 1.375], "uv_size": [0.25, 0.25]},
								"down": {"uv": [12.125, 1.625], "uv_size": [0.25, -0.25]}
							}
						},
						{
							"origin": [-0.48, 25.95, -0.54],
							"size": [0.42, 0.78, 1.2],
							"pivot": [0.12, 25.53, 0.06],
							"rotation": [-133.6254, -85.95483, 177.74009],
							"uv": {
								"north": {"uv": [12.125, 1.625], "uv_size": [0.25, 0.25]},
								"east": {"uv": [11.875, 1.625], "uv_size": [0.25, 0.25]},
								"south": {"uv": [11.625, 1.625], "uv_size": [0.25, 0.25]},
								"west": {"uv": [12.375, 1.625], "uv_size": [0.25, 0.25]},
								"up": {"uv": [11.875, 1.375], "uv_size": [0.25, 0.25]},
								"down": {"uv": [12.125, 1.625], "uv_size": [0.25, -0.25]}
							}
						},
						{
							"origin": [1.26, 25.83, 0.3],
							"size": [0.42, 0.78, 1.2],
							"pivot": [1.86, 25.41, 0.9],
							"rotation": [-133.9068, -7.35318, 160.26289],
							"uv": {
								"north": {"uv": [12.125, 1.625], "uv_size": [0.25, 0.25]},
								"east": {"uv": [11.875, 1.625], "uv_size": [0.25, 0.25]},
								"south": {"uv": [11.625, 1.625], "uv_size": [0.25, 0.25]},
								"west": {"uv": [12.375, 1.625], "uv_size": [0.25, 0.25]},
								"up": {"uv": [11.875, 1.375], "uv_size": [0.25, 0.25]},
								"down": {"uv": [12.125, 1.625], "uv_size": [0.25, -0.25]}
							}
						},
						{
							"origin": [4.14, 26.07, 1.32],
							"size": [0.42, 0.54, 0.54],
							"pivot": [4.74, 25.41, 1.26],
							"rotation": [-142.93373, -4.6024, 90.74772],
							"uv": {
								"north": {"uv": [12.125, 1.625], "uv_size": [0.25, 0.25]},
								"east": {"uv": [11.875, 1.625], "uv_size": [0.25, 0.25]},
								"south": {"uv": [11.625, 1.625], "uv_size": [0.25, 0.25]},
								"west": {"uv": [12.375, 1.625], "uv_size": [0.25, 0.25]},
								"up": {"uv": [11.875, 1.375], "uv_size": [0.25, 0.25]},
								"down": {"uv": [12.125, 1.625], "uv_size": [0.25, -0.25]}
							}
						},
						{
							"origin": [4.32, 26.25, 0.84],
							"size": [0.42, 0.36, 0.6],
							"pivot": [4.92, 25.41, 0.6],
							"rotation": [-106.93373, -4.6024, 90.74772],
							"uv": {
								"north": {"uv": [12.125, 1.625], "uv_size": [0.25, 0.25]},
								"east": {"uv": [11.875, 1.625], "uv_size": [0.25, 0.25]},
								"south": {"uv": [11.625, 1.625], "uv_size": [0.25, 0.25]},
								"west": {"uv": [12.375, 1.625], "uv_size": [0.25, 0.25]},
								"up": {"uv": [11.875, 1.375], "uv_size": [0.25, 0.25]},
								"down": {"uv": [12.125, 1.625], "uv_size": [0.25, -0.25]}
							}
						},
						{
							"origin": [4.86, 26.25, 1.74],
							"size": [0.42, 0.84, 0.36],
							"pivot": [5.46, 25.41, 1.5],
							"rotation": [-154.93373, -4.6024, 90.74772],
							"uv": {
								"north": {"uv": [12.125, 1.625], "uv_size": [0.25, 0.25]},
								"east": {"uv": [11.875, 1.625], "uv_size": [0.25, 0.25]},
								"south": {"uv": [11.625, 1.625], "uv_size": [0.25, 0.25]},
								"west": {"uv": [12.375, 1.625], "uv_size": [0.25, 0.25]},
								"up": {"uv": [11.875, 1.375], "uv_size": [0.25, 0.25]},
								"down": {"uv": [12.125, 1.625], "uv_size": [0.25, -0.25]}
							}
						},
						{
							"origin": [1.14, 25.83, 1.02],
							"size": [0.42, 0.78, 1.2],
							"pivot": [1.74, 25.41, 1.62],
							"rotation": [-143, 23, -180],
							"uv": {
								"north": {"uv": [12.125, 1.625], "uv_size": [0.25, 0.25]},
								"east": {"uv": [11.875, 1.625], "uv_size": [0.25, 0.25]},
								"south": {"uv": [11.625, 1.625], "uv_size": [0.25, 0.25]},
								"west": {"uv": [12.375, 1.625], "uv_size": [0.25, 0.25]},
								"up": {"uv": [11.875, 1.375], "uv_size": [0.25, 0.25]},
								"down": {"uv": [12.125, 1.625], "uv_size": [0.25, -0.25]}
							}
						},
						{
							"origin": [-1.5, 26.01, -0.18],
							"size": [1.2, 0.78, 0.42],
							"pivot": [-0.9, 25.59, 0.42],
							"rotation": [27.38853, 18.70865, 54.52701],
							"uv": {
								"north": {"uv": [11.875, 1.625], "uv_size": [0.25, 0.25]},
								"east": {"uv": [11.625, 1.625], "uv_size": [0.25, 0.25]},
								"south": {"uv": [12.375, 1.625], "uv_size": [0.25, 0.25]},
								"west": {"uv": [12.125, 1.625], "uv_size": [0.25, 0.25]},
								"up": {"uv": [11.875, 1.375], "uv_size": [0.25, 0.25]},
								"down": {"uv": [12.125, 1.625], "uv_size": [0.25, -0.25]}
							}
						},
						{
							"origin": [-2.04, 26.01, 0.6],
							"size": [1.2, 0.78, 0.42],
							"pivot": [-1.44, 25.59, 1.2],
							"rotation": [45.14881, 30.5215, 58.09685],
							"uv": {
								"north": {"uv": [11.875, 1.625], "uv_size": [0.25, 0.25]},
								"east": {"uv": [11.625, 1.625], "uv_size": [0.25, 0.25]},
								"south": {"uv": [12.375, 1.625], "uv_size": [0.25, 0.25]},
								"west": {"uv": [12.125, 1.625], "uv_size": [0.25, 0.25]},
								"up": {"uv": [11.875, 1.375], "uv_size": [0.25, 0.25]},
								"down": {"uv": [12.125, 1.625], "uv_size": [0.25, -0.25]}
							}
						},
						{
							"origin": [-4.74, 26.25, 1.74],
							"size": [0.42, 0.84, 0.36],
							"pivot": [-4.92, 25.41, 1.5],
							"rotation": [-154.93373, 4.6024, -90.74772],
							"uv": {
								"north": {"uv": [12.375, 1.625], "uv_size": [-0.25, 0.25]},
								"east": {"uv": [12.625, 1.625], "uv_size": [-0.25, 0.25]},
								"south": {"uv": [11.875, 1.625], "uv_size": [-0.25, 0.25]},
								"west": {"uv": [12.125, 1.625], "uv_size": [-0.25, 0.25]},
								"up": {"uv": [12.125, 1.375], "uv_size": [-0.25, 0.25]},
								"down": {"uv": [12.375, 1.625], "uv_size": [-0.25, -0.25]}
							}
						},
						{
							"origin": [-4.02, 26.07, 1.32],
							"size": [0.42, 0.54, 0.54],
							"pivot": [-4.2, 25.41, 1.26],
							"rotation": [-142.93373, 4.6024, -90.74772],
							"uv": {
								"north": {"uv": [12.375, 1.625], "uv_size": [-0.25, 0.25]},
								"east": {"uv": [12.625, 1.625], "uv_size": [-0.25, 0.25]},
								"south": {"uv": [11.875, 1.625], "uv_size": [-0.25, 0.25]},
								"west": {"uv": [12.125, 1.625], "uv_size": [-0.25, 0.25]},
								"up": {"uv": [12.125, 1.375], "uv_size": [-0.25, 0.25]},
								"down": {"uv": [12.375, 1.625], "uv_size": [-0.25, -0.25]}
							}
						},
						{
							"origin": [-4.2, 26.25, 0.84],
							"size": [0.42, 0.36, 0.6],
							"pivot": [-4.38, 25.41, 0.6],
							"rotation": [-106.93373, 4.6024, -90.74772],
							"uv": {
								"north": {"uv": [12.375, 1.625], "uv_size": [-0.25, 0.25]},
								"east": {"uv": [12.625, 1.625], "uv_size": [-0.25, 0.25]},
								"south": {"uv": [11.875, 1.625], "uv_size": [-0.25, 0.25]},
								"west": {"uv": [12.125, 1.625], "uv_size": [-0.25, 0.25]},
								"up": {"uv": [12.125, 1.375], "uv_size": [-0.25, 0.25]},
								"down": {"uv": [12.375, 1.625], "uv_size": [-0.25, -0.25]}
							}
						},
						{
							"origin": [-1.02, 25.83, 2.4],
							"size": [0.42, 0.78, 1.2],
							"pivot": [-1.2, 25.41, 3],
							"rotation": [158.28781, -68.6125, -113.30217],
							"uv": {
								"north": {"uv": [12.375, 1.625], "uv_size": [-0.25, 0.25]},
								"east": {"uv": [12.625, 1.625], "uv_size": [-0.25, 0.25]},
								"south": {"uv": [11.875, 1.625], "uv_size": [-0.25, 0.25]},
								"west": {"uv": [12.125, 1.625], "uv_size": [-0.25, 0.25]},
								"up": {"uv": [12.125, 1.375], "uv_size": [-0.25, 0.25]},
								"down": {"uv": [12.375, 1.625], "uv_size": [-0.25, -0.25]}
							}
						},
						{
							"origin": [-0.18, 26.01, -0.6],
							"size": [1.2, 0.78, 0.42],
							"pivot": [0.42, 25.59, 0],
							"rotation": [0, 0, -49],
							"uv": {
								"north": {"uv": [12.125, 1.625], "uv_size": [-0.25, 0.25]},
								"east": {"uv": [12.375, 1.625], "uv_size": [-0.25, 0.25]},
								"south": {"uv": [12.625, 1.625], "uv_size": [-0.25, 0.25]},
								"west": {"uv": [11.875, 1.625], "uv_size": [-0.25, 0.25]},
								"up": {"uv": [12.125, 1.375], "uv_size": [-0.25, 0.25]},
								"down": {"uv": [12.375, 1.625], "uv_size": [-0.25, -0.25]}
							}
						},
						{
							"origin": [0.48, 25.89, 2.7],
							"size": [0.42, 0.78, 1.2],
							"pivot": [0.3, 25.47, 3.3],
							"rotation": [65.30827, -43.53322, -32.65456],
							"uv": {
								"north": {"uv": [12.375, 1.625], "uv_size": [-0.25, 0.25]},
								"east": {"uv": [12.625, 1.625], "uv_size": [-0.25, 0.25]},
								"south": {"uv": [11.875, 1.625], "uv_size": [-0.25, 0.25]},
								"west": {"uv": [12.125, 1.625], "uv_size": [-0.25, 0.25]},
								"up": {"uv": [12.125, 1.375], "uv_size": [-0.25, 0.25]},
								"down": {"uv": [12.375, 1.625], "uv_size": [-0.25, -0.25]}
							}
						},
						{
							"origin": [0.96, 25.83, 2.16],
							"size": [0.42, 0.78, 1.2],
							"pivot": [0.78, 25.41, 2.76],
							"rotation": [54.75802, -28.85292, -22.48231],
							"uv": {
								"north": {"uv": [12.375, 1.625], "uv_size": [-0.25, 0.25]},
								"east": {"uv": [12.625, 1.625], "uv_size": [-0.25, 0.25]},
								"south": {"uv": [11.875, 1.625], "uv_size": [-0.25, 0.25]},
								"west": {"uv": [12.125, 1.625], "uv_size": [-0.25, 0.25]},
								"up": {"uv": [12.125, 1.375], "uv_size": [-0.25, 0.25]},
								"down": {"uv": [12.375, 1.625], "uv_size": [-0.25, -0.25]}
							}
						},
						{
							"origin": [1.38, 25.83, 1.26],
							"size": [0.42, 0.78, 1.2],
							"pivot": [1.2, 25.41, 1.86],
							"rotation": [37, 0, 0],
							"uv": {
								"north": {"uv": [12.375, 1.625], "uv_size": [-0.25, 0.25]},
								"east": {"uv": [12.625, 1.625], "uv_size": [-0.25, 0.25]},
								"south": {"uv": [11.875, 1.625], "uv_size": [-0.25, 0.25]},
								"west": {"uv": [12.125, 1.625], "uv_size": [-0.25, 0.25]},
								"up": {"uv": [12.125, 1.375], "uv_size": [-0.25, 0.25]},
								"down": {"uv": [12.375, 1.625], "uv_size": [-0.25, -0.25]}
							}
						},
						{
							"origin": [-1.62, 25.71, 1.92],
							"size": [0.42, 0.78, 1.2],
							"pivot": [-1.8, 25.29, 2.52],
							"rotation": [-176.68331, -55.48305, -136.34358],
							"uv": {
								"north": {"uv": [12.375, 1.625], "uv_size": [-0.25, 0.25]},
								"east": {"uv": [12.625, 1.625], "uv_size": [-0.25, 0.25]},
								"south": {"uv": [11.875, 1.625], "uv_size": [-0.25, 0.25]},
								"west": {"uv": [12.125, 1.625], "uv_size": [-0.25, 0.25]},
								"up": {"uv": [12.125, 1.375], "uv_size": [-0.25, 0.25]},
								"down": {"uv": [12.375, 1.625], "uv_size": [-0.25, -0.25]}
							}
						},
						{
							"origin": [-0.24, 25.83, 2.46],
							"size": [0.42, 0.78, 1.2],
							"pivot": [-0.42, 25.41, 3.06],
							"rotation": [37, -68, 0],
							"uv": {
								"north": {"uv": [12.375, 1.625], "uv_size": [-0.25, 0.25]},
								"east": {"uv": [12.625, 1.625], "uv_size": [-0.25, 0.25]},
								"south": {"uv": [11.875, 1.625], "uv_size": [-0.25, 0.25]},
								"west": {"uv": [12.125, 1.625], "uv_size": [-0.25, 0.25]},
								"up": {"uv": [12.125, 1.375], "uv_size": [-0.25, 0.25]},
								"down": {"uv": [12.375, 1.625], "uv_size": [-0.25, -0.25]}
							}
						},
						{
							"origin": [-1.32, 25.71, -0.3],
							"size": [0.42, 0.78, 1.2],
							"pivot": [-1.5, 25.29, 0.3],
							"rotation": [-127.96208, 23.29869, -154.7919],
							"uv": {
								"north": {"uv": [12.375, 1.625], "uv_size": [-0.25, 0.25]},
								"east": {"uv": [12.625, 1.625], "uv_size": [-0.25, 0.25]},
								"south": {"uv": [11.875, 1.625], "uv_size": [-0.25, 0.25]},
								"west": {"uv": [12.125, 1.625], "uv_size": [-0.25, 0.25]},
								"up": {"uv": [12.125, 1.375], "uv_size": [-0.25, 0.25]},
								"down": {"uv": [12.375, 1.625], "uv_size": [-0.25, -0.25]}
							}
						},
						{
							"origin": [-0.54, 25.95, -0.54],
							"size": [0.42, 0.78, 1.2],
							"pivot": [-0.72, 25.53, 0.06],
							"rotation": [-151.99441, 50.21482, 167.04478],
							"uv": {
								"north": {"uv": [12.375, 1.625], "uv_size": [-0.25, 0.25]},
								"east": {"uv": [12.625, 1.625], "uv_size": [-0.25, 0.25]},
								"south": {"uv": [11.875, 1.625], "uv_size": [-0.25, 0.25]},
								"west": {"uv": [12.125, 1.625], "uv_size": [-0.25, 0.25]},
								"up": {"uv": [12.125, 1.375], "uv_size": [-0.25, 0.25]},
								"down": {"uv": [12.375, 1.625], "uv_size": [-0.25, -0.25]}
							}
						},
						{
							"origin": [0.06, 25.95, -0.54],
							"size": [0.42, 0.78, 1.2],
							"pivot": [-0.12, 25.53, 0.06],
							"rotation": [-133.6254, 85.95483, -177.74009],
							"uv": {
								"north": {"uv": [12.375, 1.625], "uv_size": [-0.25, 0.25]},
								"east": {"uv": [12.625, 1.625], "uv_size": [-0.25, 0.25]},
								"south": {"uv": [11.875, 1.625], "uv_size": [-0.25, 0.25]},
								"west": {"uv": [12.125, 1.625], "uv_size": [-0.25, 0.25]},
								"up": {"uv": [12.125, 1.375], "uv_size": [-0.25, 0.25]},
								"down": {"uv": [12.375, 1.625], "uv_size": [-0.25, -0.25]}
							}
						},
						{
							"origin": [-1.68, 25.83, 0.3],
							"size": [0.42, 0.78, 1.2],
							"pivot": [-1.86, 25.41, 0.9],
							"rotation": [-133.9068, 7.35318, -160.26289],
							"uv": {
								"north": {"uv": [12.375, 1.625], "uv_size": [-0.25, 0.25]},
								"east": {"uv": [12.625, 1.625], "uv_size": [-0.25, 0.25]},
								"south": {"uv": [11.875, 1.625], "uv_size": [-0.25, 0.25]},
								"west": {"uv": [12.125, 1.625], "uv_size": [-0.25, 0.25]},
								"up": {"uv": [12.125, 1.375], "uv_size": [-0.25, 0.25]},
								"down": {"uv": [12.375, 1.625], "uv_size": [-0.25, -0.25]}
							}
						},
						{
							"origin": [-4.56, 26.07, 1.32],
							"size": [0.42, 0.54, 0.54],
							"pivot": [-4.74, 25.41, 1.26],
							"rotation": [-142.93373, 4.6024, -90.74772],
							"uv": {
								"north": {"uv": [12.375, 1.625], "uv_size": [-0.25, 0.25]},
								"east": {"uv": [12.625, 1.625], "uv_size": [-0.25, 0.25]},
								"south": {"uv": [11.875, 1.625], "uv_size": [-0.25, 0.25]},
								"west": {"uv": [12.125, 1.625], "uv_size": [-0.25, 0.25]},
								"up": {"uv": [12.125, 1.375], "uv_size": [-0.25, 0.25]},
								"down": {"uv": [12.375, 1.625], "uv_size": [-0.25, -0.25]}
							}
						},
						{
							"origin": [-4.74, 26.25, 0.84],
							"size": [0.42, 0.36, 0.6],
							"pivot": [-4.92, 25.41, 0.6],
							"rotation": [-106.93373, 4.6024, -90.74772],
							"uv": {
								"north": {"uv": [12.375, 1.625], "uv_size": [-0.25, 0.25]},
								"east": {"uv": [12.625, 1.625], "uv_size": [-0.25, 0.25]},
								"south": {"uv": [11.875, 1.625], "uv_size": [-0.25, 0.25]},
								"west": {"uv": [12.125, 1.625], "uv_size": [-0.25, 0.25]},
								"up": {"uv": [12.125, 1.375], "uv_size": [-0.25, 0.25]},
								"down": {"uv": [12.375, 1.625], "uv_size": [-0.25, -0.25]}
							}
						},
						{
							"origin": [-5.28, 26.25, 1.74],
							"size": [0.42, 0.84, 0.36],
							"pivot": [-5.46, 25.41, 1.5],
							"rotation": [-154.93373, 4.6024, -90.74772],
							"uv": {
								"north": {"uv": [12.375, 1.625], "uv_size": [-0.25, 0.25]},
								"east": {"uv": [12.625, 1.625], "uv_size": [-0.25, 0.25]},
								"south": {"uv": [11.875, 1.625], "uv_size": [-0.25, 0.25]},
								"west": {"uv": [12.125, 1.625], "uv_size": [-0.25, 0.25]},
								"up": {"uv": [12.125, 1.375], "uv_size": [-0.25, 0.25]},
								"down": {"uv": [12.375, 1.625], "uv_size": [-0.25, -0.25]}
							}
						},
						{
							"origin": [-1.56, 25.83, 1.02],
							"size": [0.42, 0.78, 1.2],
							"pivot": [-1.74, 25.41, 1.62],
							"rotation": [-143, -23, 180],
							"uv": {
								"north": {"uv": [12.375, 1.625], "uv_size": [-0.25, 0.25]},
								"east": {"uv": [12.625, 1.625], "uv_size": [-0.25, 0.25]},
								"south": {"uv": [11.875, 1.625], "uv_size": [-0.25, 0.25]},
								"west": {"uv": [12.125, 1.625], "uv_size": [-0.25, 0.25]},
								"up": {"uv": [12.125, 1.375], "uv_size": [-0.25, 0.25]},
								"down": {"uv": [12.375, 1.625], "uv_size": [-0.25, -0.25]}
							}
						},
						{
							"origin": [0.3, 26.01, -0.18],
							"size": [1.2, 0.78, 0.42],
							"pivot": [0.9, 25.59, 0.42],
							"rotation": [27.38853, -18.70865, -54.52701],
							"uv": {
								"north": {"uv": [12.125, 1.625], "uv_size": [-0.25, 0.25]},
								"east": {"uv": [12.375, 1.625], "uv_size": [-0.25, 0.25]},
								"south": {"uv": [12.625, 1.625], "uv_size": [-0.25, 0.25]},
								"west": {"uv": [11.875, 1.625], "uv_size": [-0.25, 0.25]},
								"up": {"uv": [12.125, 1.375], "uv_size": [-0.25, 0.25]},
								"down": {"uv": [12.375, 1.625], "uv_size": [-0.25, -0.25]}
							}
						},
						{
							"origin": [0.84, 26.01, 0.6],
							"size": [1.2, 0.78, 0.42],
							"pivot": [1.44, 25.59, 1.2],
							"rotation": [45.14881, -30.5215, -58.09685],
							"uv": {
								"north": {"uv": [12.125, 1.625], "uv_size": [-0.25, 0.25]},
								"east": {"uv": [12.375, 1.625], "uv_size": [-0.25, 0.25]},
								"south": {"uv": [12.625, 1.625], "uv_size": [-0.25, 0.25]},
								"west": {"uv": [11.875, 1.625], "uv_size": [-0.25, 0.25]},
								"up": {"uv": [12.125, 1.375], "uv_size": [-0.25, 0.25]},
								"down": {"uv": [12.375, 1.625], "uv_size": [-0.25, -0.25]}
							}
						},
						{
							"origin": [4.32, 26.25, 1.74],
							"size": [0.42, 0.84, 0.36],
							"pivot": [4.92, 25.41, 1.5],
							"rotation": [-154.93373, -4.6024, 90.74772],
							"uv": {
								"north": {"uv": [12.125, 1.625], "uv_size": [0.25, 0.25]},
								"east": {"uv": [11.875, 1.625], "uv_size": [0.25, 0.25]},
								"south": {"uv": [11.625, 1.625], "uv_size": [0.25, 0.25]},
								"west": {"uv": [12.375, 1.625], "uv_size": [0.25, 0.25]},
								"up": {"uv": [11.875, 1.375], "uv_size": [0.25, 0.25]},
								"down": {"uv": [12.125, 1.625], "uv_size": [0.25, -0.25]}
							}
						},
						{
							"origin": [3.6, 26.07, 1.32],
							"size": [0.42, 0.54, 0.54],
							"pivot": [4.2, 25.41, 1.26],
							"rotation": [-142.93373, -4.6024, 90.74772],
							"uv": {
								"north": {"uv": [12.125, 1.625], "uv_size": [0.25, 0.25]},
								"east": {"uv": [11.875, 1.625], "uv_size": [0.25, 0.25]},
								"south": {"uv": [11.625, 1.625], "uv_size": [0.25, 0.25]},
								"west": {"uv": [12.375, 1.625], "uv_size": [0.25, 0.25]},
								"up": {"uv": [11.875, 1.375], "uv_size": [0.25, 0.25]},
								"down": {"uv": [12.125, 1.625], "uv_size": [0.25, -0.25]}
							}
						},
						{
							"origin": [3.78, 26.25, 0.84],
							"size": [0.42, 0.36, 0.6],
							"pivot": [4.38, 25.41, 0.6],
							"rotation": [-106.93373, -4.6024, 90.74772],
							"uv": {
								"north": {"uv": [12.125, 1.625], "uv_size": [0.25, 0.25]},
								"east": {"uv": [11.875, 1.625], "uv_size": [0.25, 0.25]},
								"south": {"uv": [11.625, 1.625], "uv_size": [0.25, 0.25]},
								"west": {"uv": [12.375, 1.625], "uv_size": [0.25, 0.25]},
								"up": {"uv": [11.875, 1.375], "uv_size": [0.25, 0.25]},
								"down": {"uv": [12.125, 1.625], "uv_size": [0.25, -0.25]}
							}
						}
					]
				},
				{
					"name": "Ear",
					"parent": "Head",
					"pivot": [0, -0.6, 0]
				},
				{
					"name": "Hair",
					"parent": "Head",
					"pivot": [-0.0887, 21.46174, 0.25304],
					"cubes": [
						{
							"origin": [-1.785, 21.78, -2.28],
							"size": [3.6, 0.6, 4.2],
							"uv": {
								"north": {"uv": [4.25, 0.875], "uv_size": [0.75, 0.125]},
								"east": {"uv": [3.375, 0.875], "uv_size": [0.875, 0.125]},
								"south": {"uv": [5.875, 0.875], "uv_size": [0.75, 0.125]},
								"west": {"uv": [5, 0.875], "uv_size": [0.875, 0.125]},
								"up": {"uv": [4.25, 0], "uv_size": [0.75, 0.875]},
								"down": {"uv": [5, 0.875], "uv_size": [0.75, -0.875]}
							}
						},
						{
							"origin": [-1.2, 21, -2.64],
							"size": [2.4, 1.2, 0.6],
							"uv": {
								"north": {"uv": [0.125, 8], "uv_size": [0.5, 0.25]},
								"east": {"uv": [0, 8], "uv_size": [0.125, 0.25]},
								"south": {"uv": [0.75, 8], "uv_size": [0.5, 0.25]},
								"west": {"uv": [0.625, 8], "uv_size": [0.125, 0.25]},
								"up": {"uv": [0.125, 7.875], "uv_size": [0.5, 0.125]},
								"down": {"uv": [0.625, 8], "uv_size": [0.5, -0.125]}
							}
						},
						{
							"origin": [-2.4, 21.36, -2.4],
							"size": [4.8, 0.6, 4.8],
							"uv": {
								"north": {"uv": [1.375, 1], "uv_size": [1, 0.125]},
								"east": {"uv": [0.375, 1], "uv_size": [1, 0.125]},
								"south": {"uv": [3.375, 1], "uv_size": [1, 0.125]},
								"west": {"uv": [2.375, 1], "uv_size": [1, 0.125]},
								"up": {"uv": [1.375, 0], "uv_size": [1, 1]},
								"down": {"uv": [2.375, 1], "uv_size": [1, -1]}
							}
						},
						{
							"origin": [-1.2, 22.38, -1.68],
							"size": [2.4, 0.6, 3],
							"uv": {
								"north": {"uv": [0.625, 6], "uv_size": [0.5, 0.125]},
								"east": {"uv": [0, 6], "uv_size": [0.625, 0.125]},
								"south": {"uv": [1.75, 6], "uv_size": [0.5, 0.125]},
								"west": {"uv": [1.125, 6], "uv_size": [0.625, 0.125]},
								"up": {"uv": [0.625, 5.375], "uv_size": [0.5, 0.625]},
								"down": {"uv": [1.125, 6], "uv_size": [0.5, -0.625]}
							}
						},
						{
